mean=0.98135
std=0.00005
range=0.00015
scores=[0.9812646814500544, 0.9813917975162684, 0.98131132979527, 0.9813768297720821, 0.9814119343748953]
